# step cn bias_eV energy_eV temperature_K
500 2.721729 0.0000000000e+00 -273324.562500 293.05
1000 2.641162 1.7944253733e-02 -273323.500000 310.64
1500 2.697354 3.8845994972e-02 -273324.031250 297.86
2000 2.672896 5.7321341337e-02 -273324.156250 324.47
2500 2.665940 7.4690637061e-02 -273322.218750 303.27
3000 2.684460 9.1945293421e-02 -273324.937500 289.41
3500 2.674561 1.0794726503e-01 -273323.375000 295.29
4000 2.667590 1.2298680529e-01 -273322.906250 296.69
4500 2.613167 1.2576378689e-01 -273324.593750 277.92
5000 2.701251 1.4896975429e-01 -273324.593750 308.94
5500 2.691338 1.6415739221e-01 -273323.000000 287.53
6000 2.686019 1.7781865314e-01 -273323.875000 267.29
6500 2.730074 1.7969259401e-01 -273323.750000 280.28
7000 2.688384 2.0244621113e-01 -273325.312500 311.95
7500 2.736616 2.0073309267e-01 -273324.656250 321.10
8000 2.717952 2.2013816910e-01 -273326.093750 293.79
8500 2.701121 2.3546479839e-01 -273323.812500 291.38
9000 2.689725 2.4739860338e-01 -273324.656250 308.54
9500 2.703393 2.5631516300e-01 -273323.843750 291.07
10000 2.705973 2.6600262470e-01 -273323.718750 301.07
10500 2.684318 2.7787246004e-01 -273324.093750 303.79
11000 2.623208 2.6316983457e-01 -273324.687500 279.38
11500 2.632714 2.7962927871e-01 -273323.062500 305.59
12000 2.589210 2.5272978190e-01 -273323.593750 304.02
12500 2.697804 3.1240216174e-01 -273323.031250 285.34
13000 2.676856 3.2277123244e-01 -273324.031250 301.32
13500 2.511816 1.8075586609e-01 -273323.562500 304.02
14000 2.727432 3.2142966105e-01 -273323.875000 310.36
14500 2.687629 3.4571803490e-01 -273323.437500 287.46
15000 2.704566 3.4957395438e-01 -273324.656250 276.13
15500 2.652124 3.5625442712e-01 -273324.218750 290.55
16000 2.617725 3.4186901589e-01 -273322.718750 298.19
16500 2.678955 3.7700692051e-01 -273322.656250 300.41
17000 2.702469 3.7961495763e-01 -273322.312500 302.37
17500 2.704783 3.8594685610e-01 -273321.500000 290.08
18000 2.611897 3.6325769281e-01 -273323.156250 314.95
18500 2.484858 1.9051889402e-01 -273323.812500 313.80
19000 2.528585 2.6931760671e-01 -273323.843750 289.46
19500 2.374495 7.9329656264e-02 -273323.281250 299.67
20000 2.362421 8.6122865509e-02 -273323.468750 308.72
20500 2.368120 1.0699751837e-01 -273322.750000 306.65
21000 2.326428 9.2188264627e-02 -273321.093750 307.91
21500 2.447157 2.1253244561e-01 -273321.750000 298.13
22000 2.398405 1.7426877852e-01 -273321.781250 307.44
22500 2.208177 5.6733012003e-02 -273322.468750 310.08
23000 2.057976 2.1582373813e-02 -273323.343750 315.38
23500 2.079857 4.6160036828e-02 -273323.093750 288.05
24000 1.893361 2.1715645459e-02 -273324.187500 296.77
24500 1.869565 3.6752822655e-02 -273322.750000 296.34
25000 1.785032 3.7776520506e-02 -273324.906250 283.32
25500 1.980206 7.9347551996e-02 -273323.718750 281.67
26000 1.808105 6.9915395477e-02 -273323.906250 322.42
26500 1.861932 9.8622018586e-02 -273324.843750 290.78
27000 1.861016 1.1425598168e-01 -273322.937500 281.93
27500 1.909157 1.3343589474e-01 -273323.718750 313.18
28000 1.875230 1.4535487126e-01 -273322.562500 300.80
28500 1.876501 1.5939892103e-01 -273323.000000 272.24
29000 1.824712 1.5907203134e-01 -273324.468750 300.25
29500 1.881523 1.8577361432e-01 -273324.312500 303.38
30000 1.937796 1.9312138935e-01 -273324.406250 320.24
30500 1.921235 2.0850462717e-01 -273323.562500 300.16
31000 1.897606 2.2182310393e-01 -273323.125000 305.72
31500 2.024587 1.8774737427e-01 -273324.312500 302.51
32000 1.935312 2.3867505273e-01 -273323.625000 311.66
32500 2.067774 1.8239624458e-01 -273323.625000 294.56
33000 1.868358 2.5159863102e-01 -273323.031250 293.51
33500 1.994136 2.4495080087e-01 -273323.812500 295.81
34000 1.990004 2.5765935936e-01 -273324.687500 323.18
34500 1.936560 2.8632807819e-01 -273322.781250 311.67
35000 1.919264 2.9702412674e-01 -273324.468750 298.83
35500 1.954225 3.0064910877e-01 -273321.781250 284.48
36000 1.990901 2.9307263663e-01 -273323.062500 270.47
36500 1.993034 3.0103930599e-01 -273324.437500 290.23
37000 2.048461 2.6886952485e-01 -273323.937500 286.42
37500 2.271691 1.5375223634e-01 -273324.968750 305.15
38000 2.250405 1.6780247925e-01 -273325.218750 295.48
38500 2.403469 2.2370077170e-01 -273324.937500 286.63
39000 2.191437 1.9864457888e-01 -273326.437500 322.13
39500 2.383457 2.2807207621e-01 -273324.781250 289.80
40000 2.463467 2.9400959927e-01 -273323.937500 304.03
40500 2.263268 2.0987600749e-01 -273324.406250 283.61
41000 2.357665 2.4395658166e-01 -273322.343750 315.27
41500 2.432060 2.9364554281e-01 -273323.218750 309.59
42000 2.373810 2.6994456664e-01 -273323.531250 311.49
42500 2.333560 2.6263423531e-01 -273323.156250 309.55
43000 2.495560 3.6370164713e-01 -273324.937500 304.92
43500 2.502193 3.7636320496e-01 -273324.562500 286.98
44000 2.414890 3.2289532201e-01 -273324.406250 287.86
44500 2.413771 3.3071665526e-01 -273324.593750 283.75
45000 2.436990 3.5337232001e-01 -273325.468750 302.43
45500 2.326166 2.9769570876e-01 -273323.687500 283.66
46000 2.425478 3.6125401915e-01 -273325.593750 300.02
46500 2.315910 3.0750830182e-01 -273325.000000 313.12
47000 2.069703 3.0054888009e-01 -273324.968750 287.88
47500 1.377157 1.5378284493e-03 -273323.375000 283.30
48000 1.261627 1.5455361535e-02 -273324.468750 326.02
48500 1.296179 3.7443820740e-02 -273324.000000 288.34
49000 1.161248 3.5682071638e-02 -273322.906250 302.51
49500 1.229340 6.6026125916e-02 -273322.875000 299.28
50000 1.413239 6.1600568136e-02 -273324.593750 308.57
50500 1.212068 8.8080240008e-02 -273325.187500 295.79
51000 1.284575 1.1162191524e-01 -273324.937500 276.44
51500 1.358188 1.1465353190e-01 -273323.687500 300.28
52000 1.099332 7.6509026397e-02 -273324.031250 295.94
52500 1.273677 1.4830670833e-01 -273323.531250 301.09
53000 1.130543 1.1724861852e-01 -273324.406250 294.51
53500 1.049595 8.6316892395e-02 -273325.250000 286.24
54000 1.109159 1.3563074544e-01 -273324.375000 299.57
54500 1.014743 9.4919317914e-02 -273324.250000 294.83
55000 1.002027 1.0335305857e-01 -273323.687500 317.67
55500 0.966221 9.7872763730e-02 -273323.968750 285.43
56000 1.035972 1.5278628679e-01 -273324.156250 299.20
56500 1.291473 1.9101328432e-01 -273323.187500 304.64
57000 1.137256 2.1160221231e-01 -273321.562500 311.63
57500 1.025830 1.7230358809e-01 -273323.000000 311.06
58000 1.083687 2.1572584902e-01 -273323.718750 288.04
58500 1.048575 2.0958179413e-01 -273324.875000 310.27
59000 1.098321 2.4394488250e-01 -273325.156250 285.43
59500 1.321237 2.0669779538e-01 -273325.031250 300.48
60000 1.336032 2.0853935780e-01 -273324.687500 314.79
60500 1.389014 1.8092039051e-01 -273322.625000 276.99
61000 1.193788 2.8328015039e-01 -273323.375000 295.39
61500 1.205609 2.9204755231e-01 -273323.437500 306.75
62000 1.120283 2.8837576896e-01 -273324.031250 302.87
62500 1.008077 2.2219349036e-01 -273322.906250 316.26
63000 1.092094 2.9406055405e-01 -273322.718750 306.09
63500 1.078052 2.9547667607e-01 -273323.406250 295.84
64000 0.927899 1.6692693194e-01 -273323.562500 296.35
64500 1.168749 3.3527563812e-01 -273324.625000 299.68
65000 1.212484 3.3552912766e-01 -273323.343750 301.54
65500 0.988048 2.4855914212e-01 -273323.218750 310.99
66000 0.756185 4.4115295351e-02 -273324.906250 284.41
66500 0.689412 3.5377844519e-02 -273323.250000 294.54
67000 0.813273 1.1106724891e-01 -273324.156250 295.63
67500 0.820079 1.3083761298e-01 -273324.125000 305.20
68000 0.899263 2.0593196149e-01 -273323.281250 299.63
68500 0.919066 2.3455454974e-01 -273323.687500 275.00
69000 0.873129 2.0632348125e-01 -273323.937500 307.12
69500 0.844057 1.9418359388e-01 -273323.781250 303.94
70000 0.883370 2.3831631623e-01 -273323.812500 298.43
70500 0.858853 2.2888162904e-01 -273323.281250 282.90
71000 0.802723 1.9322311390e-01 -273323.312500 293.02
71500 0.587657 5.2722346526e-02 -273323.281250 315.05
72000 0.305781 4.1817608448e-03 -273324.062500 317.38
72500 0.188397 1.5699541959e-02 -273324.093750 287.68
73000 0.155321 3.2086378485e-02 -273324.437500 301.88
73500 0.174805 5.3048434510e-02 -273324.750000 297.62
74000 0.268250 6.8513973694e-02 -273323.031250 307.21
74500 0.349267 7.0464175662e-02 -273323.437500 297.71
75000 0.244197 1.0127278365e-01 -273324.375000 309.15
75500 0.255708 1.1669836894e-01 -273324.812500 284.61
76000 0.280829 1.2932495837e-01 -273325.562500 300.71
76500 0.388656 1.1002939261e-01 -273325.656250 287.75
77000 0.260466 1.5644628833e-01 -273323.875000 281.34
77500 0.282752 1.6876395438e-01 -273323.812500 288.42
78000 0.277451 1.8227459064e-01 -273323.437500 308.82
78500 0.234815 1.9216089745e-01 -273324.906250 277.00
79000 0.148788 1.6384983023e-01 -273325.187500 288.84
79500 0.118480 1.5490734154e-01 -273324.093750 293.43
80000 0.111806 1.6323389683e-01 -273323.843750 292.50
80500 0.152592 2.0548438337e-01 -273324.343750 317.81
81000 0.141761 2.1016433072e-01 -273326.593750 303.42
81500 0.152553 2.2877695641e-01 -273324.656250 283.12
82000 0.097785 1.9761496345e-01 -273324.750000 281.65
82500 0.148440 2.4853953083e-01 -273324.250000 309.63
83000 0.130199 2.4650608552e-01 -273325.093750 276.01
83500 0.162257 2.7705046696e-01 -273325.125000 307.98
84000 0.121771 2.5978738894e-01 -273325.906250 289.38
84500 0.144474 2.8647037561e-01 -273324.718750 292.39
85000 0.251557 3.0724934381e-01 -273325.375000 301.07
85500 0.336580 2.5255620071e-01 -273324.406250 309.01
86000 0.183867 3.2780600702e-01 -273325.593750 286.21
86500 0.221673 3.4032509581e-01 -273324.625000 315.34
87000 0.361155 2.4772219033e-01 -273325.062500 299.40
87500 0.471686 1.4855498788e-01 -273323.812500 300.47
88000 0.359349 2.7052348342e-01 -273324.406250 298.14
88500 0.459647 1.7965142879e-01 -273324.843750 306.77
89000 0.477588 1.7766449324e-01 -273323.656250 287.43
89500 0.450931 2.1237643985e-01 -273325.656250 286.58
90000 0.427761 2.4490694812e-01 -273325.843750 302.96
90500 0.471350 2.1676682004e-01 -273325.156250 300.94
91000 0.396415 2.9499333016e-01 -273325.281250 304.00
91500 0.487241 2.2302849481e-01 -273325.406250 302.33
92000 0.523827 2.0686919371e-01 -273324.531250 307.83
92500 0.498039 2.3720436979e-01 -273324.312500 278.93
93000 0.563906 2.0439516194e-01 -273324.062500 302.52
93500 0.554250 2.2154317998e-01 -273322.468750 313.29
94000 0.594687 2.1248775550e-01 -273323.687500 294.91
94500 0.533761 2.5576874783e-01 -273324.125000 310.10
95000 0.530938 2.6770480004e-01 -273323.750000 300.22
95500 0.707226 2.1469647789e-01 -273324.156250 306.59
96000 0.639493 2.3510154533e-01 -273322.531250 324.24
96500 0.551297 2.8127930285e-01 -273323.187500 302.82
97000 0.538138 2.9742731799e-01 -273323.312500 291.40
97500 0.628818 2.6499803540e-01 -273323.625000 287.71
98000 0.627732 2.7537028173e-01 -273323.968750 296.64
98500 0.324390 4.0574668430e-01 -273324.531250 290.76
99000 0.438035 3.7117626181e-01 -273323.343750 314.37
99500 0.563942 3.1864496333e-01 -273321.968750 299.93
100000 0.554603 3.3180621106e-01 -273324.656250 295.66
100500 0.588759 3.2323358973e-01 -273324.156250 305.65
101000 0.772873 2.7315993578e-01 -273323.875000 290.31
101500 0.546676 3.5523147317e-01 -273324.625000 282.68
102000 0.572292 3.5146308475e-01 -273325.187500 306.02
102500 0.520560 3.8137345750e-01 -273324.281250 266.85
103000 0.543350 3.7929454669e-01 -273324.562500 310.00
103500 0.435650 4.2034947962e-01 -273323.750000 309.96
104000 0.248093 4.2728046419e-01 -273324.531250 292.61
104500 0.345613 4.4460850702e-01 -273324.250000 305.05
105000 0.246695 4.3799997116e-01 -273325.187500 274.32
105500 0.333856 4.5661231677e-01 -273324.968750 283.13
106000 0.311008 4.6287231152e-01 -273324.281250 300.64
106500 0.288514 4.6658046866e-01 -273325.250000 309.18
107000 0.217985 4.4372494062e-01 -273323.843750 273.53
107500 0.187900 4.2553769220e-01 -273325.062500 302.88
108000 0.220174 4.5752559454e-01 -273325.343750 274.19
108500 0.205812 4.5308716541e-01 -273324.031250 312.70
109000 0.206601 4.5962810675e-01 -273325.125000 314.01
109500 0.150454 4.0757923065e-01 -273324.156250 287.23
110000 0.206021 4.7127529422e-01 -273323.125000 298.55
110500 0.195921 4.6868483284e-01 -273323.843750 311.14
111000 0.155224 4.3105750317e-01 -273323.406250 285.61
111500 0.141574 4.1946815314e-01 -273324.218750 291.69
112000 0.124035 4.0081808242e-01 -273324.531250 313.08
112500 0.099021 3.6825972764e-01 -273323.437500 296.99
113000 0.128532 4.2167925030e-01 -273324.968750 282.11
113500 0.117571 4.1172804522e-01 -273324.500000 288.91
114000 0.085316 3.6552002605e-01 -273324.937500 296.71
114500 0.075790 3.5649823876e-01 -273324.937500 310.43
115000 0.042008 3.0362406048e-01 -273326.062500 281.26
115500 0.043001 3.1438069979e-01 -273325.281250 296.38
116000 0.066095 3.6450005760e-01 -273324.218750 304.78
116500 0.068920 3.7704815164e-01 -273323.375000 300.32
117000 0.051383 3.5301767114e-01 -273323.937500 292.27
117500 0.056732 3.7048809035e-01 -273324.156250 295.08
118000 0.053640 3.7236269249e-01 -273323.968750 308.93
118500 0.051512 3.7591910879e-01 -273324.031250 299.68
119000 0.046487 3.7409676483e-01 -273323.000000 302.07
119500 0.060518 4.0677988626e-01 -273323.656250 320.89
120000 0.058986 4.1079326095e-01 -273323.843750 296.86
120500 0.059073 4.1761037353e-01 -273324.281250 289.66
121000 0.070642 4.4434806429e-01 -273324.437500 298.42
121500 0.084742 4.7375731260e-01 -273324.625000 277.13
122000 0.053117 4.2495415918e-01 -273324.406250 291.04
122500 0.059214 4.4237493317e-01 -273323.593750 294.96
123000 0.049727 4.3123952989e-01 -273324.093750 301.47
123500 0.076403 4.8432691178e-01 -273323.312500 321.12
124000 0.070701 4.8021562951e-01 -273321.781250 318.84
124500 0.053259 4.5485188752e-01 -273323.812500 313.70
125000 0.086304 5.1686628653e-01 -273323.468750 299.34
125500 0.054654 4.6816297875e-01 -273323.031250 289.69
126000 0.064098 4.9078431096e-01 -273324.843750 312.98
126500 0.051881 4.7406689009e-01 -273324.218750 257.29
127000 0.050067 4.7628347049e-01 -273325.406250 314.39
127500 0.038598 4.5993480514e-01 -273325.500000 290.29
128000 0.052569 4.9228610767e-01 -273324.593750 293.68
128500 0.032073 4.5816487462e-01 -273324.281250 295.96
129000 0.028539 4.5692019155e-01 -273322.687500 274.59
129500 0.039397 4.8429359044e-01 -273323.718750 304.34
130000 0.029812 4.7077469313e-01 -273323.718750 301.07
130500 0.040933 4.9833624320e-01 -273324.218750 291.08
131000 0.062004 5.4213702220e-01 -273324.750000 284.81
131500 0.034549 4.9565125557e-01 -273324.187500 302.72
132000 0.025644 4.8294830819e-01 -273325.843750 303.40
132500 0.037162 5.1152138437e-01 -273323.781250 294.97
133000 0.036720 5.1569813628e-01 -273324.468750 322.17
133500 0.037458 5.2213155335e-01 -273326.125000 295.14
134000 0.037615 5.2733687394e-01 -273323.875000 316.52
134500 0.036717 5.3040504470e-01 -273324.562500 288.07
135000 0.027786 5.1727751029e-01 -273324.687500 309.09
135500 0.023252 5.1288240679e-01 -273322.781250 304.14
136000 0.024150 5.1977542607e-01 -273323.625000 295.01
136500 0.025856 5.2823349853e-01 -273323.062500 306.35
137000 0.027869 5.3718000527e-01 -273323.375000 296.25
137500 0.020776 5.2716033697e-01 -273322.843750 292.71
138000 0.023392 5.3747262166e-01 -273322.843750 301.07
138500 0.030125 5.5597254645e-01 -273323.093750 288.73
139000 0.021114 5.4184957379e-01 -273322.000000 312.86
139500 0.018994 5.4200276355e-01 -273323.156250 299.83
140000 0.017665 5.4380806039e-01 -273323.468750 289.62
140500 0.021829 5.5724012488e-01 -273323.968750 298.80
141000 0.016104 5.4951521570e-01 -273324.875000 292.62
141500 0.021302 5.6511715387e-01 -273324.625000 300.45
142000 0.019094 5.6480070974e-01 -273326.000000 282.29
142500 0.020081 5.7124487902e-01 -273325.031250 288.13
143000 0.018425 5.7200568754e-01 -273324.437500 304.35
143500 0.030663 6.0152461951e-01 -273325.750000 305.91
144000 0.042328 6.2780382036e-01 -273324.281250 290.49
144500 0.021926 5.9122318174e-01 -273324.218750 308.06
145000 0.020771 5.9283746350e-01 -273325.218750 277.91
145500 0.022335 6.0015503000e-01 -273324.468750 303.07
146000 0.025066 6.0977487576e-01 -273324.625000 299.50
146500 0.017426 5.9752546138e-01 -273324.781250 313.61
147000 0.017301 6.0123355522e-01 -273323.375000 295.49
147500 0.011358 5.9216649290e-01 -273324.750000 314.07
148000 0.015275 6.0481813348e-01 -273323.906250 306.02
148500 0.025060 6.2942074735e-01 -273323.281250 309.19
149000 0.015444 6.1271712952e-01 -273324.593750 287.39
149500 0.016138 6.1803736538e-01 -273323.437500 297.86
150000 0.018618 6.2713159139e-01 -273323.875000 308.68
150500 0.012301 6.1704893208e-01 -273324.375000 292.01
151000 0.013140 6.2267281308e-01 -273323.718750 308.39
151500 0.013423 6.2700612756e-01 -273325.093750 286.98
152000 0.012162 6.2788609518e-01 -273325.406250 290.40
152500 0.016745 6.4157061914e-01 -273324.968750 308.90
153000 0.017918 6.4761220970e-01 -273324.656250 292.21
153500 0.018919 6.5321222139e-01 -273323.343750 306.35
154000 0.013107 6.4402209317e-01 -273324.500000 295.45
154500 0.013429 6.4822897414e-01 -273325.718750 267.14
155000 0.010754 6.4574318953e-01 -273323.750000 293.59
155500 0.007176 6.4112640091e-01 -273324.812500 296.65
156000 0.010930 6.5314403281e-01 -273324.250000 330.68
156500 0.008952 6.5210468495e-01 -273324.437500 294.83
157000 0.011408 6.6104234898e-01 -273326.000000 291.83
157500 0.010709 6.6281588531e-01 -273325.187500 300.60
158000 0.010555 6.6579225807e-01 -273325.750000 277.37
158500 0.008145 6.6364240078e-01 -273326.468750 310.83
159000 0.009223 6.6940046638e-01 -273325.875000 309.74
159500 0.005926 6.6513264697e-01 -273325.625000 285.73
160000 0.005436 6.6729915262e-01 -273322.906250 286.43
160500 0.005296 6.7025491514e-01 -273324.687500 294.94
161000 0.005452 6.7386869593e-01 -273323.687500 268.64
161500 0.003933 6.7355961611e-01 -273323.937500 290.00
162000 0.004890 6.7901149843e-01 -273324.906250 297.70
162500 0.003304 6.7848602987e-01 -273323.125000 285.82
163000 0.004308 6.8401168042e-01 -273324.500000 274.96
163500 0.002801 6.8361593721e-01 -273324.312500 304.08
164000 0.003423 6.8821026271e-01 -273325.625000 292.05
164500 0.003206 6.9079757477e-01 -273325.687500 294.96
165000 0.004364 6.9657968071e-01 -273323.156250 304.86
165500 0.003723 6.9810673205e-01 -273323.781250 286.36
166000 0.003806 7.0131504231e-01 -273322.937500 312.30
166500 0.003909 7.0453953187e-01 -273322.687500 293.02
167000 0.003540 7.0663661588e-01 -273325.750000 291.13
167500 0.003269 7.0894239321e-01 -273325.562500 301.09
168000 0.005978 7.1816265891e-01 -273324.343750 299.95
168500 0.003087 7.1428801832e-01 -273325.187500 303.30
169000 0.004979 7.2158423234e-01 -273325.062500 285.00
169500 0.006740 7.2846391704e-01 -273325.250000 287.70
170000 0.005662 7.2875684529e-01 -273324.250000 292.70
170500 0.006444 7.3332300804e-01 -273324.531250 306.23
171000 0.005299 7.3341870383e-01 -273324.406250 306.71
171500 0.005417 7.3642258839e-01 -273324.625000 298.82
172000 0.004963 7.3808194050e-01 -273324.250000 283.78
172500 0.004729 7.4023645828e-01 -273325.250000 300.27
173000 0.005340 7.4433216027e-01 -273323.812500 302.24
173500 0.005549 7.4746765861e-01 -273324.562500 304.08
174000 0.008929 7.5779698937e-01 -273324.187500 279.90
174500 0.006270 7.5430967855e-01 -273323.281250 315.57
175000 0.008691 7.6239422030e-01 -273324.906250 292.30
175500 0.006504 7.5994582430e-01 -273324.000000 292.54
176000 0.005811 7.6089309570e-01 -273326.000000 294.88
176500 0.005816 7.6343619137e-01 -273325.281250 266.08
177000 0.007019 7.6871055812e-01 -273325.156250 322.93
177500 0.005961 7.6876334503e-01 -273323.937500 289.90
178000 0.006762 7.7308036688e-01 -273324.250000 312.20
178500 0.006579 7.7510854201e-01 -273325.437500 309.69
179000 0.005507 7.7507673360e-01 -273324.906250 294.21
179500 0.006350 7.7945472379e-01 -273324.625000 285.92
180000 0.006902 7.8312347418e-01 -273325.625000 294.48
180500 0.005608 7.8253238772e-01 -273323.812500 305.23
181000 0.006229 7.8634849223e-01 -273326.156250 287.36
181500 0.008140 7.9306459400e-01 -273325.218750 307.70
182000 0.007655 7.9428327621e-01 -273324.187500 285.17
182500 0.007586 7.9643510687e-01 -273324.406250 312.19
183000 0.007696 7.9898074063e-01 -273325.656250 307.09
183500 0.005749 7.9680472715e-01 -273324.187500 297.24
184000 0.008206 8.0470658672e-01 -273324.062500 303.52
184500 0.006772 8.0369243675e-01 -273326.000000 306.74
185000 0.006367 8.0501491856e-01 -273325.406250 308.87
185500 0.005280 8.0474957621e-01 -273327.000000 292.45
186000 0.005812 8.0822299429e-01 -273325.000000 305.16
186500 0.005185 8.0899308086e-01 -273325.812500 283.73
187000 0.007480 8.1647918099e-01 -273326.093750 295.49
187500 0.005776 8.1474944428e-01 -273325.843750 276.63
188000 0.008105 8.2224918024e-01 -273324.531250 285.52
188500 0.006577 8.2091155117e-01 -273325.406250 300.32
189000 0.006759 8.2347298866e-01 -273326.437500 292.10
189500 0.006093 8.2407684070e-01 -273327.625000 305.46
190000 0.009082 8.3298594088e-01 -273325.875000 306.09
190500 0.008351 8.3341878083e-01 -273326.000000 301.47
191000 0.006960 8.3233773354e-01 -273326.156250 288.51
191500 0.006244 8.3277676503e-01 -273325.968750 278.07
192000 0.004979 8.3192670176e-01 -273324.906250 289.52
192500 0.007375 8.3951874121e-01 -273324.812500 303.66
193000 0.007903 8.4275307938e-01 -273324.500000 285.62
193500 0.006319 8.4116290039e-01 -273325.250000 279.14
194000 0.006387 8.4334786914e-01 -273325.093750 301.79
194500 0.005839 8.4410240210e-01 -273325.031250 290.14
195000 0.006028 8.4655116814e-01 -273324.750000 270.59
195500 0.005752 8.4791387407e-01 -273326.125000 301.99
196000 0.004032 8.4590005825e-01 -273324.062500 301.81
196500 0.003379 8.4636396007e-01 -273323.906250 313.18
197000 0.004741 8.5156074481e-01 -273325.031250 299.81
197500 0.005945 8.5632162652e-01 -273326.000000 287.50
198000 0.005212 8.5657200115e-01 -273325.718750 293.99
198500 0.006968 8.6255829378e-01 -273324.093750 280.06
199000 0.008908 8.6885234836e-01 -273326.406250 284.13
199500 0.008382 8.6955249987e-01 -273325.781250 293.69
200000 0.011397 8.7810211814e-01 -273325.531250 303.65
200500 0.008728 8.7403557510e-01 -273325.718750 300.25
201000 0.010175 8.7910757982e-01 -273325.156250 287.96
201500 0.015673 8.9270811813e-01 -273325.843750 304.04
202000 0.007489 8.7667772699e-01 -273324.906250 278.48
202500 0.008577 8.8097291632e-01 -273323.031250 288.29
203000 0.009831 8.8558769173e-01 -273325.343750 286.96
203500 0.015306 8.9914924323e-01 -273323.906250 291.72
204000 0.009216 8.8774180877e-01 -273324.281250 288.20
204500 0.007241 8.8507355303e-01 -273324.968750 302.15
205000 0.008350 8.8938193933e-01 -273324.187500 295.89
205500 0.007454 8.8912982109e-01 -273326.093750 309.67
206000 0.011158 8.9916111333e-01 -273323.656250 302.70
206500 0.010379 8.9918084519e-01 -273323.843750 320.72
207000 0.007440 8.9433233789e-01 -273324.156250 300.73
207500 0.006004 8.9279209254e-01 -273324.093750 320.22
208000 0.008176 8.9950983093e-01 -273324.406250 297.24
208500 0.006287 8.9693154705e-01 -273326.000000 293.12
209000 0.007457 9.0134598017e-01 -273325.562500 316.17
209500 0.008353 9.0509146253e-01 -273326.000000 289.20
210000 0.008266 9.0659502053e-01 -273324.625000 290.72
210500 0.007040 9.0550755952e-01 -273324.500000 304.22
211000 0.005809 9.0437647864e-01 -273324.687500 297.01
211500 0.011825 9.1954818593e-01 -273324.000000 306.33
212000 0.014999 9.2791900042e-01 -273325.281250 293.74
212500 0.012597 9.2444220271e-01 -273324.187500 299.73
213000 0.014149 9.2934793690e-01 -273324.406250 286.02
213500 0.009419 9.2069962839e-01 -273322.562500 308.29
214000 0.012636 9.2935471172e-01 -273325.281250 302.01
214500 0.017007 9.4005782044e-01 -273323.437500 297.84
215000 0.010148 9.2707641971e-01 -273323.812500 313.47
215500 0.007958 9.2378081037e-01 -273324.593750 295.94
216000 0.006911 9.2301186392e-01 -273324.375000 302.99
216500 0.008467 9.2816107247e-01 -273323.718750 307.45
217000 0.009006 9.3096576813e-01 -273325.343750 297.71
217500 0.006848 9.2766315388e-01 -273323.750000 280.81
218000 0.008477 9.3296030780e-01 -273324.156250 308.05
218500 0.007901 9.3323495447e-01 -273324.437500 279.11
219000 0.009938 9.3936635413e-01 -273323.468750 296.02
219500 0.009281 9.3945474243e-01 -273325.062500 274.71
220000 0.012636 9.4832940586e-01 -273324.968750 299.19
220500 0.007170 9.3774481327e-01 -273324.062500 298.94
221000 0.007623 9.4032933035e-01 -273324.687500 298.02
221500 0.011254 9.4995092764e-01 -273324.406250 315.92
222000 0.008521 9.4540455311e-01 -273323.125000 288.73
222500 0.011182 9.5281766842e-01 -273325.312500 287.86
223000 0.011287 9.5453548920e-01 -273325.000000 309.34
223500 0.009291 9.5162379780e-01 -273324.875000 306.89
224000 0.007829 9.4983009492e-01 -273323.875000 292.35
224500 0.008659 9.5320619370e-01 -273324.031250 280.95
225000 0.005841 9.4826106410e-01 -273324.437500 317.73
225500 0.005719 9.4948563801e-01 -273324.312500 314.30
226000 0.007130 9.5424383783e-01 -273325.406250 285.90
226500 0.006020 9.5317200076e-01 -273323.406250 313.44
227000 0.006669 9.5615913900e-01 -273324.718750 291.88
227500 0.007410 9.5933183832e-01 -273323.937500 300.16
228000 0.006874 9.5957020213e-01 -273324.625000 327.67
228500 0.007115 9.6158440514e-01 -273325.093750 291.23
229000 0.006870 9.6247829324e-01 -273324.906250 301.90
229500 0.009346 9.6952306274e-01 -273323.937500 303.12
230000 0.012416 9.7764873132e-01 -273324.375000 297.79
230500 0.005243 9.6297349423e-01 -273322.250000 292.31
231000 0.005360 9.6469592234e-01 -273323.312500 273.75
231500 0.004270 9.6357595086e-01 -273324.906250 270.65
232000 0.003447 9.6306687568e-01 -273323.656250 292.00
232500 0.004443 9.6688007874e-01 -273323.968750 290.39
233000 0.004110 9.6752674016e-01 -273323.968750 291.79
233500 0.008583 9.7927852860e-01 -273323.000000 301.32
234000 0.004884 9.7216743164e-01 -273323.656250 271.66
234500 0.005545 9.7512658594e-01 -273324.656250 296.57
235000 0.005283 9.7591567401e-01 -273323.781250 298.09
235500 0.004937 9.7650243683e-01 -273322.218750 295.99
236000 0.004207 9.7617937803e-01 -273323.750000 283.08
236500 0.005876 9.8148606968e-01 -273323.437500 281.26
237000 0.004558 9.7978173875e-01 -273323.562500 291.71
237500 0.004575 9.8120368416e-01 -273322.906250 285.89
238000 0.004223 9.8175015530e-01 -273324.312500 290.15
238500 0.004158 9.8297343531e-01 -273323.250000 291.19
239000 0.003766 9.8341332149e-01 -273323.562500 293.91
239500 0.003490 9.8412380354e-01 -273325.156250 306.13
240000 0.003273 9.8497327108e-01 -273323.781250 300.75
240500 0.003767 9.8751452899e-01 -273323.906250 291.54
241000 0.005576 9.9312614215e-01 -273323.718750 302.13
241500 0.004612 9.9220227266e-01 -273322.437500 318.07
242000 0.005478 9.9556727292e-01 -273324.531250 302.64
242500 0.004947 9.9565158296e-01 -273323.562500 312.05
243000 0.003540 9.9364422977e-01 -273324.656250 292.20
243500 0.002840 9.9329923321e-01 -273324.250000 282.89
244000 0.002730 9.9436792933e-01 -273322.968750 314.75
244500 0.002700 9.9562372938e-01 -273324.562500 294.17
245000 0.001934 9.9509305612e-01 -273324.250000 306.19
245500 0.002635 9.9811648960e-01 -273324.781250 278.47
246000 0.002246 9.9849196650e-01 -273323.812500 300.83
246500 0.003741 1.0033934650e+00 -273323.437500 300.64
247000 0.003013 1.0029513735e+00 -273323.718750 286.64
247500 0.002792 1.0037156660e+00 -273324.156250 299.00
248000 0.002536 1.0043942463e+00 -273323.562500 284.96
248500 0.002480 1.0055498064e+00 -273324.000000 304.30
