# step cn weight_eV
500 2.721729 2.0728610665e-02
1000 2.641162 1.9725954652e-02
1500 2.697354 1.8619029339e-02
2000 2.672896 1.7692434190e-02
2500 2.665940 1.6863407868e-02
3000 2.684460 1.6078319735e-02
3500 2.674561 1.5382932469e-02
4000 2.667590 1.4756809584e-02
4500 2.613167 1.4644017559e-02
5000 2.701251 1.3734545619e-02
5500 2.691338 1.3170125900e-02
6000 2.686019 1.2682273929e-02
6500 2.730074 1.2616779079e-02
7000 2.688384 1.1848008320e-02
7500 2.736616 1.1904221602e-02
8000 2.717952 1.1282775013e-02
8500 2.701121 1.0814956479e-02
9000 2.689725 1.0464171180e-02
9500 2.703393 1.0209522516e-02
10000 2.705973 9.9398764188e-03
10500 2.684318 9.6191745280e-03
11000 2.623208 1.0017980560e-02
11500 2.632714 9.5725956426e-03
12000 2.589210 1.0311164149e-02
12500 2.697804 8.7438756368e-03
13000 2.676856 8.4969219820e-03
13500 2.511816 1.2579767885e-02
14000 2.727432 8.5284762813e-03
14500 2.687629 7.9749261527e-03
15000 2.704566 7.8904136043e-03
15500 2.652124 7.7461080691e-03
16000 2.617725 8.0601902210e-03
16500 2.678955 7.3144495230e-03
17000 2.702469 7.2619313547e-03
17500 2.704783 7.1359893462e-03
18000 2.611897 7.5976625399e-03
18500 2.484858 1.2244963811e-02
19000 2.528585 9.8492504328e-03
19500 2.374495 1.6648640069e-02
20000 2.362421 1.6339067585e-02
20500 2.368120 1.5423352331e-02
21000 2.326428 1.6067529580e-02
21500 2.447157 1.1522385407e-02
22000 2.398405 1.2807276712e-02
22500 2.208177 1.7721217391e-02
23000 2.057976 1.9528661469e-02
23500 2.079857 1.8246541925e-02
24000 1.893361 1.9521471810e-02
24500 1.869565 1.8727022546e-02
25000 1.785032 1.8674128786e-02
25500 1.980206 1.6647816888e-02
26000 1.808105 1.7087376310e-02
26500 1.861932 1.5784431347e-02
27000 1.861016 1.5117118037e-02
27500 1.909157 1.4336862286e-02
28000 1.875230 1.3872411612e-02
28500 1.876501 1.3344424309e-02
29000 1.824712 1.3356482306e-02
29500 1.881523 1.2406566076e-02
30000 1.937796 1.2157230415e-02
30500 1.921235 1.1651331765e-02
31000 1.897606 1.1230370766e-02
31500 2.024587 1.2339091490e-02
32000 1.935312 1.0719453363e-02
32500 2.067774 1.2522881171e-02
33000 1.868358 1.0343440546e-02
33500 1.994136 1.0535182670e-02
34000 1.990004 1.0171674782e-02
34500 1.936560 9.3970493124e-03
35000 1.919264 9.1234019321e-03
35500 1.954225 9.0324802304e-03
36000 1.990901 9.2235560067e-03
36500 1.993034 9.0227474916e-03
37000 2.048461 9.8614517685e-03
37500 2.271691 1.3554252394e-02
38000 2.250405 1.3038151202e-02
38500 2.403469 1.1172258910e-02
39000 2.191437 1.1973113789e-02
39500 2.383457 1.1038133831e-02
40000 2.463467 9.1997088504e-03
40500 2.263268 1.1607267258e-02
41000 2.357665 1.0564162700e-02
41500 2.432060 9.2089673207e-03
42000 2.373810 9.8322035557e-03
42500 2.333560 1.0032816652e-02
43000 2.495560 7.5883486753e-03
43500 2.502193 7.3274703895e-03
44000 2.414890 8.4940092507e-03
44500 2.413771 8.3124211675e-03
45000 2.436990 7.8080381964e-03
45500 2.326166 9.1064885302e-03
46000 2.425478 7.6398407032e-03
46500 2.315910 8.8629101692e-03
47000 2.069703 9.0349819414e-03
47500 1.377157 2.0640721827e-02
48000 1.261627 1.9862072856e-02
48500 1.296179 1.8691302745e-02
49000 1.161248 1.8782507826e-02
49500 1.229340 1.7271987043e-02
50000 1.413239 1.7484480818e-02
50500 1.212068 1.6250941329e-02
51000 1.284575 1.5227539889e-02
51500 1.358188 1.5100522150e-02
52000 1.099332 1.6778895619e-02
52500 1.273677 1.3759730144e-02
53000 1.130543 1.4992635989e-02
53500 1.049595 1.6330310678e-02
54000 1.109159 1.4250181891e-02
54500 1.014743 1.5946742712e-02
55000 1.002027 1.5579443498e-02
55500 0.966221 1.5817141765e-02
56000 1.035972 1.3590475663e-02
56500 1.291473 1.2228248717e-02
57000 1.137256 1.1552038533e-02
57500 1.025830 1.2877006605e-02
58000 1.083687 1.1421166977e-02
58500 1.048575 1.1616706712e-02
59000 1.098321 1.0564504187e-02
59500 1.321237 1.1709643473e-02
60000 1.336032 1.1650213756e-02
60500 1.389014 1.2574050700e-02
61000 1.193788 9.4765194765e-03
61500 1.205609 9.2497168126e-03
62000 1.120283 9.3440334458e-03
62500 1.008077 1.1218883811e-02
63000 1.092094 9.1984137411e-03
63500 1.078052 9.1624932534e-03
64000 0.927899 1.3069730248e-02
64500 1.168749 8.2083714110e-03
65000 1.212484 8.2026243881e-03
65500 0.988048 1.0430671062e-02
66000 0.756185 1.8349919018e-02
66500 0.689412 1.8798302549e-02
67000 0.813273 1.5250894484e-02
67500 0.820079 1.4440157015e-02
68000 0.899263 1.1734447134e-02
68500 0.919066 1.0842190328e-02
69000 0.873129 1.1721760120e-02
69500 0.844057 1.2121603057e-02
70000 0.883370 1.0730083563e-02
70500 0.858853 1.1013471552e-02
71000 0.802723 1.2153813947e-02
71500 0.587657 1.7918685277e-02
72000 0.305781 2.0490487951e-02
72500 0.188397 1.9848677110e-02
73000 0.155321 1.8970038915e-02
73500 0.174805 1.7902548259e-02
74000 0.268250 1.7153668643e-02
74500 0.349267 1.7061486876e-02
75000 0.244197 1.5669248256e-02
75500 0.255708 1.5015447070e-02
76000 0.280829 1.4500635029e-02
76500 0.388656 1.5294690373e-02
77000 0.260466 1.3453734321e-02
77500 0.282752 1.3003560824e-02
78000 0.277451 1.2527091164e-02
78500 0.234815 1.2189536380e-02
79000 0.148788 1.3181322472e-02
79500 0.118480 1.3511062491e-02
80000 0.111806 1.3203773711e-02
80500 0.152592 1.1748967514e-02
81000 0.141761 1.1598024222e-02
81500 0.152553 1.1016657203e-02
82000 0.097785 1.2007223498e-02
82500 0.148440 1.0431236270e-02
83000 0.130199 1.0490007778e-02
83500 0.162257 9.6410459592e-03
84000 0.121771 1.0112043800e-02
84500 0.144474 9.3933554464e-03
85000 0.251557 8.8692538166e-03
85500 0.336580 1.0316110586e-02
86000 0.183867 8.3795397404e-03
86500 0.221673 8.0946470032e-03
87000 0.361155 1.0454819715e-02
87500 0.471686 1.3750294319e-02
88000 0.359349 9.8164891603e-03
88500 0.459647 1.2618214177e-02
89000 0.477588 1.2687676979e-02
89500 0.450931 1.1527353099e-02
90000 0.427761 1.0536459236e-02
90500 0.471350 1.1388364798e-02
91000 0.396415 9.1747377155e-03
91500 0.487241 1.1193030539e-02
92000 0.523827 1.1704099445e-02
92500 0.498039 1.0763100155e-02
93000 0.563906 1.1784379275e-02
93500 0.554250 1.1239059972e-02
94000 0.594687 1.1523808256e-02
94500 0.533761 1.0224947831e-02
95000 0.530938 9.8932381537e-03
95500 0.707226 1.1453696535e-02
96000 0.639493 1.0825816483e-02
96500 0.551297 9.5290536414e-03
97000 0.538138 9.1132440308e-03
97500 0.628818 9.9675044773e-03
98000 0.627732 9.6859068342e-03
98500 0.324390 6.7560901627e-03
99000 0.438035 7.4332396029e-03
99500 0.563942 8.5943480450e-03
100000 0.554603 8.2874348966e-03
100500 0.588759 8.4860742253e-03
101000 0.772873 9.7452410670e-03
101500 0.546676 7.7680326597e-03
102000 0.572292 7.8493358462e-03
102500 0.520560 7.2267333683e-03
103000 0.543350 7.2683631127e-03
103500 0.435650 6.4889263911e-03
104000 0.248093 6.3658445528e-03
104500 0.345613 6.0682475063e-03
105000 0.246695 6.1800669910e-03
105500 0.333856 5.8702871204e-03
106000 0.311008 5.7696262083e-03
106500 0.288514 5.7108148950e-03
107000 0.217985 6.0830798804e-03
107500 0.187900 6.3965715842e-03
108000 0.220174 5.8554928902e-03
108500 0.205812 5.9277426451e-03
109000 0.206601 5.8215757591e-03
109500 0.150454 6.7219685651e-03
110000 0.206021 5.6372142222e-03
110500 0.195921 5.6777067384e-03
111000 0.155224 6.2997567503e-03
111500 0.141574 6.5047467568e-03
112000 0.124035 6.8487214141e-03
112500 0.099021 7.4933810935e-03
113000 0.128532 6.4651289652e-03
113500 0.117571 6.6453539423e-03
114000 0.085316 7.5503193071e-03
114500 0.075790 7.7408916836e-03
115000 0.042008 8.9585399255e-03
115500 0.043001 8.6962062223e-03
116000 0.066095 7.5716272794e-03
116500 0.068920 7.3136163022e-03
117000 0.051383 7.8156929510e-03
117500 0.056732 7.4473866471e-03
118000 0.053640 7.4089126992e-03
118500 0.051512 7.3364669301e-03
119000 0.046487 7.3734999477e-03
119500 0.060518 6.7368309345e-03
120000 0.058986 6.6625396906e-03
120500 0.059073 6.5382215304e-03
121000 0.070642 6.0726157791e-03
121500 0.084742 5.5986877534e-03
122000 0.053117 6.4068930368e-03
122500 0.059214 6.1058124156e-03
123000 0.049727 6.2965891696e-03
123500 0.076403 5.4375502303e-03
124000 0.070701 5.4996696717e-03
124500 0.053259 5.8989099475e-03
125000 0.086304 4.9700154340e-03
125500 0.054654 5.6858991762e-03
126000 0.064098 5.3413955619e-03
126500 0.051881 5.5939009249e-03
127000 0.050067 5.5597464969e-03
127500 0.038598 5.8166446340e-03
128000 0.052569 5.3192777006e-03
128500 0.032073 5.8451593508e-03
129000 0.028539 5.8652956704e-03
129500 0.039397 5.4380508681e-03
130000 0.029812 5.6450167383e-03
130500 0.040933 5.2310975434e-03
131000 0.062004 4.6348339439e-03
131500 0.034549 5.2700491157e-03
132000 0.025644 5.4583016609e-03
132500 0.037162 5.0439565859e-03
133000 0.036720 4.9860824586e-03
133500 0.037458 4.8982358565e-03
134000 0.037615 4.8282926030e-03
134500 0.036717 4.7875347260e-03
135000 0.027786 4.9643716913e-03
135500 0.023252 5.0250245089e-03
136000 0.024150 4.9302270756e-03
136500 0.025856 4.8163460020e-03
137000 0.027869 4.6987500080e-03
137500 0.020776 4.8306482659e-03
138000 0.023392 4.6949526338e-03
138500 0.030125 4.4610005305e-03
139000 0.021114 4.6385164590e-03
139500 0.018994 4.6365535738e-03
140000 0.017665 4.6134840201e-03
140500 0.021829 4.4454041151e-03
141000 0.016104 4.5413056558e-03
141500 0.021302 4.3496992051e-03
142000 0.019094 4.3535039374e-03
142500 0.020081 4.2766752782e-03
143000 0.018425 4.2676947222e-03
143500 0.030663 3.9334367802e-03
144000 0.042328 3.6579562808e-03
144500 0.021926 4.0470014488e-03
145000 0.020771 4.0289910845e-03
145500 0.022335 3.9483496951e-03
146000 0.025066 3.8447871260e-03
146500 0.017426 3.9771406927e-03
147000 0.017301 3.9366013429e-03
147500 0.011358 4.0364672756e-03
148000 0.015275 3.8978051962e-03
148500 0.025060 3.6416506676e-03
149000 0.015444 3.8136580440e-03
149500 0.016138 3.7580083845e-03
150000 0.018618 3.6647567219e-03
150500 0.012301 3.7682856186e-03
151000 0.013140 3.7101840187e-03
151500 0.013423 3.6660273455e-03
152000 0.012162 3.6571248348e-03
152500 0.016745 3.5214301111e-03
153000 0.017918 3.4631354774e-03
153500 0.018919 3.4099637396e-03
154000 0.013107 3.4976587337e-03
154500 0.013429 3.4572389437e-03
155000 0.010754 3.4810656010e-03
155500 0.007176 3.5257548507e-03
156000 0.010930 3.4106062501e-03
156500 0.008952 3.4204145607e-03
157000 0.011408 3.3369831839e-03
157500 0.010709 3.3206711380e-03
158000 0.010555 3.2934750377e-03
158500 0.008145 3.3130965497e-03
159000 0.009223 3.2608041514e-03
159500 0.005926 3.2994828465e-03
160000 0.005436 3.2797910894e-03
160500 0.005296 3.2531150399e-03
161000 0.005452 3.2207949303e-03
161500 0.003933 3.2235466054e-03
162000 0.004890 3.1753527673e-03
162500 0.003304 3.1799662829e-03
163000 0.004308 3.1317856088e-03
163500 0.002801 3.1352118736e-03
164000 0.003423 3.0956649171e-03
164500 0.003206 3.0736138642e-03
165000 0.004364 3.0249004213e-03
165500 0.003723 3.0121646040e-03
166000 0.003806 2.9855812638e-03
166500 0.003909 2.9591002464e-03
167000 0.003540 2.9420041922e-03
167500 0.003269 2.9233207906e-03
168000 0.005978 2.8497885659e-03
168500 0.003087 2.8804610385e-03
169000 0.004979 2.8229743417e-03
169500 0.006740 2.7698207836e-03
170000 0.005662 2.7675799214e-03
170500 0.006444 2.7328828493e-03
171000 0.005299 2.7321603551e-03
171500 0.005417 2.7095781479e-03
172000 0.004963 2.6971838191e-03
172500 0.004729 2.6811754686e-03
173000 0.005340 2.6510053820e-03
173500 0.005549 2.6281380607e-03
174000 0.008929 2.5541918814e-03
174500 0.006270 2.5789214261e-03
175000 0.008691 2.5219535534e-03
175500 0.006504 2.5390720852e-03
176000 0.005811 2.5324352779e-03
176500 0.005816 2.5147034248e-03
177000 0.007019 2.4783224420e-03
177500 0.005961 2.4779610069e-03
178000 0.006762 2.4485798320e-03
178500 0.006579 2.4348968296e-03
179000 0.005507 2.4351108324e-03
179500 0.006350 2.4058324248e-03
180000 0.006902 2.3815684351e-03
180500 0.005608 2.3854610974e-03
181000 0.006229 2.3604413446e-03
181500 0.008140 2.3170437962e-03
182000 0.007655 2.3092549755e-03
182500 0.007586 2.2955661072e-03
183000 0.007696 2.2794768025e-03
183500 0.005749 2.2932229479e-03
184000 0.008206 2.2436983143e-03
184500 0.006772 2.2499941475e-03
185000 0.006367 2.2417876876e-03
185500 0.005280 2.2434318255e-03
186000 0.005812 2.2220046162e-03
186500 0.005185 2.2172818056e-03
187000 0.007480 2.1718906990e-03
187500 0.005776 2.1822955088e-03
188000 0.008105 2.1375400900e-03
188500 0.006577 2.1454547220e-03
189000 0.006759 2.1303245036e-03
189500 0.006093 2.1267731655e-03
190000 0.009082 2.0750602861e-03
190500 0.008351 2.0725801452e-03
191000 0.006960 2.0787800176e-03
191500 0.006244 2.0762599117e-03
192000 0.004979 2.0811421734e-03
192500 0.007375 2.0379414408e-03
193000 0.007903 2.0198106803e-03
193500 0.006319 2.0287045151e-03
194000 0.006387 2.0164940634e-03
194500 0.005839 2.0122945351e-03
195000 0.006028 1.9987255163e-03
195500 0.005752 1.9912142020e-03
196000 0.004032 2.0023244689e-03
196500 0.003379 1.9997596294e-03
197000 0.004741 1.9712510032e-03
197500 0.005945 1.9454905196e-03
198000 0.005212 1.9441451327e-03
198500 0.006968 1.9122534139e-03
199000 0.008908 1.8792861335e-03
199500 0.008382 1.8756541580e-03
200000 0.011397 1.8318658659e-03
200500 0.008728 1.8525643774e-03
201000 0.010175 1.8267838730e-03
201500 0.015673 1.7594107279e-03
202000 0.007489 1.8390895007e-03
202500 0.008577 1.8173930501e-03
203000 0.009831 1.7943674160e-03
203500 0.015306 1.7283759843e-03
204000 0.009216 1.7837194448e-03
204500 0.007241 1.7969182262e-03
205000 0.008350 1.7756545396e-03
205500 0.007454 1.7768918879e-03
206000 0.011158 1.7283192999e-03
206500 0.010379 1.7282250766e-03
207000 0.007440 1.7515327299e-03
207500 0.006004 1.7590025573e-03
208000 0.008176 1.7266548658e-03
208500 0.006287 1.7389990405e-03
209000 0.007457 1.7179173030e-03
209500 0.008353 1.7002307694e-03
210000 0.008266 1.6931821470e-03
210500 0.007040 1.6982771912e-03
211000 0.005809 1.7035928733e-03
211500 0.011825 1.6336558074e-03
212000 0.014999 1.5963055450e-03
212500 0.012597 1.6117140702e-03
213000 0.014149 1.5900155562e-03
213500 0.009419 1.6284667304e-03
214000 0.012636 1.5899857935e-03
214500 0.017007 1.5436543972e-03
215000 0.010148 1.6000261292e-03
215500 0.007958 1.6146620330e-03
216000 0.006911 1.6180961661e-03
216500 0.008467 1.5952382281e-03
217000 0.009006 1.5829239884e-03
217500 0.006848 1.5974343711e-03
218000 0.008477 1.5742246829e-03
218500 0.007901 1.5730305456e-03
219000 0.009938 1.5466063811e-03
219500 0.009281 1.5462287224e-03
220000 0.012636 1.5087754378e-03
220500 0.007170 1.5535511678e-03
221000 0.007623 1.5424968176e-03
221500 0.011254 1.5020308898e-03
222000 0.008521 1.5210177260e-03
222500 0.011182 1.4901806695e-03
223000 0.011287 1.4831245731e-03
223500 0.009291 1.4951043589e-03
224000 0.007829 1.5025324394e-03
224500 0.008659 1.4885818366e-03
225000 0.005841 1.5090603623e-03
225500 0.005719 1.5039631224e-03
226000 0.007130 1.4843201971e-03
226500 0.006020 1.4887224762e-03
227000 0.006669 1.4764860086e-03
227500 0.007410 1.4635995355e-03
228000 0.006874 1.4626359338e-03
228500 0.007115 1.4545186723e-03
229000 0.006870 1.4509307401e-03
229500 0.009346 1.4229620829e-03
230000 0.012416 1.3913710130e-03
230500 0.005243 1.4489468890e-03
231000 0.005360 1.4420676794e-03
231500 0.004270 1.4465370123e-03
232000 0.003447 1.4485730926e-03
232500 0.004443 1.4333913193e-03
233000 0.004110 1.4308325463e-03
233500 0.008583 1.3851196166e-03
234000 0.004884 1.4126033233e-03
234500 0.005545 1.4011008404e-03
235000 0.005283 1.3980494380e-03
235500 0.004937 1.3957847358e-03
236000 0.004207 1.3970311771e-03
236500 0.005876 1.3766969376e-03
237000 0.004558 1.3831951395e-03
237500 0.004575 1.3777714914e-03
238000 0.004223 1.3756927783e-03
238500 0.004158 1.3710509232e-03
239000 0.003766 1.3693855638e-03
239500 0.003490 1.3667000300e-03
240000 0.003273 1.3634960603e-03
240500 0.003767 1.3539558752e-03
241000 0.005576 1.3331249896e-03
241500 0.004612 1.3365323171e-03
