# step cn bias_eV energy_eV temperature_K
500 2.445668 0.0000000000e+00 -275289.156250 292.29
1000 2.510141 1.8899618395e-02 -275290.000000 286.72
1500 2.451136 3.8924028980e-02 -275288.468750 302.65
2000 2.543905 5.1284060235e-02 -275288.406250 287.94
2500 2.620748 5.1079852518e-02 -275289.187500 294.92
3000 2.551422 8.4141009262e-02 -275287.625000 305.91
3500 2.612400 8.6521470472e-02 -275286.906250 310.52
4000 2.611023 1.0327003678e-01 -275286.187500 280.49
4500 2.536088 1.3027685424e-01 -275287.812500 312.14
5000 2.473346 1.3353950006e-01 -275288.812500 311.85
5500 2.440017 1.3458088517e-01 -275289.812500 308.70
6000 2.563400 1.6539404241e-01 -275287.406250 290.48
6500 2.486143 1.7677056499e-01 -275288.343750 314.96
7000 2.513370 1.9440038026e-01 -275289.281250 314.23
7500 2.426474 1.7288485532e-01 -275287.375000 285.62
8000 2.444194 1.9623583517e-01 -275288.406250 317.94
8500 2.471365 2.2052879757e-01 -275287.843750 289.38
9000 2.527787 2.3798038554e-01 -275288.093750 297.26
9500 2.569632 2.3521718446e-01 -275287.375000 331.74
10000 2.563448 2.4895237176e-01 -275287.000000 298.57
10500 2.593550 2.4217320191e-01 -275287.875000 295.13
11000 2.528705 2.7882956450e-01 -275287.812500 327.67
11500 2.545480 2.8550315379e-01 -275287.468750 287.99
12000 2.507637 2.9691381376e-01 -275287.718750 294.16
12500 2.540274 3.0505590041e-01 -275288.875000 301.04
13000 2.344576 1.7313017269e-01 -275287.875000 319.00
13500 2.625620 2.5969689275e-01 -275289.218750 274.09
14000 2.569452 3.1631035721e-01 -275288.750000 324.52
14500 2.343125 1.8875797374e-01 -275288.468750 284.44
15000 2.479289 3.3544415031e-01 -275288.218750 280.85
15500 2.273586 1.2444703600e-01 -275288.375000 308.37
16000 2.307781 1.7727157662e-01 -275289.000000 316.33
16500 2.589959 3.2430259728e-01 -275288.843750 295.75
17000 2.479451 3.6250333022e-01 -275287.687500 280.92
17500 2.517125 3.7625713628e-01 -275289.468750 290.99
18000 2.448915 3.5953606264e-01 -275290.093750 297.97
18500 2.011183 9.3780473690e-03 -275289.062500 315.82
19000 1.874506 1.4242630547e-02 -275289.218750 291.39
19500 1.938246 3.9082617015e-02 -275288.031250 292.25
20000 1.779909 3.3266747020e-02 -275289.375000 282.36
20500 1.813682 5.8716819551e-02 -275289.531250 285.13
21000 1.752632 6.2435938129e-02 -275289.625000 273.03
21500 1.740203 7.6400295472e-02 -275288.187500 294.95
22000 1.729583 8.9985549538e-02 -275288.156250 299.09
22500 1.790951 1.1946483086e-01 -275290.593750 289.39
23000 1.768761 1.3083163398e-01 -275287.468750 279.62
23500 1.837711 1.4802871524e-01 -275287.875000 298.21
24000 1.853679 1.5924931839e-01 -275287.281250 311.68
24500 1.855003 1.7233369435e-01 -275288.343750 310.28
25000 1.777657 1.8263387543e-01 -275288.500000 321.27
25500 1.843258 1.9857927624e-01 -275287.187500 285.99
26000 1.872482 2.0280759963e-01 -275288.750000 297.84
26500 1.842496 2.2228291663e-01 -275288.843750 296.84
27000 1.969528 1.6698492517e-01 -275287.937500 278.06
27500 1.923500 2.1157107018e-01 -275289.250000 285.10
28000 1.876560 2.4585453692e-01 -275288.031250 300.88
28500 1.882006 2.5444734401e-01 -275289.218750 296.48
29000 1.993700 1.8832261963e-01 -275288.343750 269.72
29500 1.855176 2.7972772279e-01 -275288.281250 292.65
30000 1.875903 2.8536226936e-01 -275288.843750 287.67
30500 1.868869 2.9655164280e-01 -275288.281250 286.71
31000 1.901627 2.9345034011e-01 -275288.468750 291.08
31500 2.008344 2.1360695866e-01 -275287.187500 284.92
32000 1.930767 2.9411283151e-01 -275288.125000 301.72
32500 1.952354 2.8639719213e-01 -275288.093750 282.22
33000 1.793649 3.1582471506e-01 -275287.937500 277.49
33500 1.930129 3.1878036709e-01 -275288.625000 286.31
34000 1.931043 3.2669927436e-01 -275287.968750 310.08
34500 2.077307 1.8796684794e-01 -275288.531250 303.70
35000 1.980372 3.0013272288e-01 -275288.781250 299.67
35500 1.939028 3.4570832949e-01 -275289.531250 303.43
36000 1.879038 3.8009702115e-01 -275289.468750 257.48
36500 1.829697 3.7788076460e-01 -275289.718750 279.66
37000 1.929655 3.7291619126e-01 -275288.593750 290.42
37500 1.785439 3.5722766573e-01 -275289.906250 315.70
38000 1.617816 1.4240852725e-01 -275288.687500 299.51
38500 1.574287 1.0804940276e-01 -275288.093750 281.82
39000 1.621367 1.7540606903e-01 -275288.281250 279.81
39500 1.622850 1.8996877574e-01 -275289.531250 287.47
40000 1.636374 2.1888354214e-01 -275287.468750 304.40
40500 1.652084 2.4997426046e-01 -275287.968750 295.76
41000 1.522233 1.1448846199e-01 -275288.406250 283.33
41500 1.633704 2.4865553742e-01 -275289.125000 296.26
42000 1.635044 2.6068423031e-01 -275287.906250 286.62
42500 1.729020 3.7675844386e-01 -275287.218750 289.89
43000 1.669328 3.1828986292e-01 -275288.468750 304.51
43500 1.607703 2.5147255249e-01 -275287.937500 318.76
44000 1.588002 2.3778080191e-01 -275288.343750 289.92
44500 1.736918 4.1308182030e-01 -275287.531250 296.28
45000 1.683898 3.6805878070e-01 -275287.718750 284.43
45500 1.591477 2.6307953243e-01 -275286.593750 313.39
46000 1.646441 3.4131027112e-01 -275288.125000 304.59
46500 1.540112 2.1512558251e-01 -275288.093750 305.91
47000 1.661799 3.7558481853e-01 -275288.031250 282.88
47500 1.611371 3.2321750536e-01 -275287.718750 283.49
48000 1.551282 2.5400882358e-01 -275288.093750 310.90
48500 1.300804 2.9904725727e-02 -275289.218750 286.04
49000 1.336630 6.5032596588e-02 -275289.062500 322.08
49500 1.391655 1.1573327588e-01 -275286.593750 288.01
50000 1.601789 3.4115462272e-01 -275286.281250 275.73
50500 1.581365 3.2607664393e-01 -275287.968750 298.98
51000 1.458285 1.9671865406e-01 -275288.625000 302.74
51500 1.678490 4.3805446268e-01 -275288.593750 282.45
52000 1.164343 3.1990793711e-02 -275288.031250 299.96
52500 1.036970 2.1073783224e-02 -275289.000000 290.42
53000 1.019287 3.7471658542e-02 -275287.093750 301.33
53500 1.017066 5.5764349667e-02 -275288.343750 289.91
54000 1.036487 7.6731169134e-02 -275287.906250 285.46
54500 0.984506 8.2687385001e-02 -275286.843750 304.38
55000 1.029210 1.0812832660e-01 -275289.437500 308.40
55500 1.038890 1.2464188603e-01 -275288.468750 317.92
56000 0.883008 8.0914920868e-02 -275285.968750 289.03
56500 0.923726 1.1795888069e-01 -275286.750000 276.87
57000 0.931622 1.3651806205e-01 -275287.343750 283.03
57500 0.964378 1.6296669790e-01 -275288.125000 308.68
58000 0.821929 9.6781485770e-02 -275287.593750 297.26
58500 0.823478 1.1366458703e-01 -275288.937500 277.46
59000 0.931289 1.8733882865e-01 -275287.656250 287.16
59500 0.910487 1.9131277133e-01 -275288.218750 289.86
60000 0.869294 1.8073910610e-01 -275287.000000 287.71
60500 0.913364 2.1686713797e-01 -275288.687500 302.70
61000 0.911660 2.2753402050e-01 -275290.031250 299.51
61500 0.893148 2.2954599381e-01 -275287.812500 307.95
62000 0.825857 1.9143142160e-01 -275289.593750 287.81
62500 0.929873 2.6546762534e-01 -275288.312500 298.00
63000 0.823394 2.0924068487e-01 -275288.812500 295.13
63500 0.872076 2.5952514100e-01 -275288.531250 294.74
64000 0.906355 2.8742452762e-01 -275287.593750 286.57
64500 0.926152 3.0245436873e-01 -275289.187500 299.75
65000 0.917283 3.0933987281e-01 -275289.312500 301.66
65500 0.953954 3.2159204673e-01 -275289.125000 285.57
66000 0.954994 3.3001522736e-01 -275288.625000 303.09
66500 0.952167 3.3859198221e-01 -275288.968750 298.47
67000 0.959351 3.4591821124e-01 -275288.343750 311.06
67500 0.887641 3.3531149673e-01 -275291.187500 288.47
68000 0.794410 2.4693497726e-01 -275289.968750 284.16
68500 0.653838 8.9692455062e-02 -275288.031250 306.78
69000 0.942250 3.7149016020e-01 -275289.468750 289.92
69500 0.961187 3.7586629710e-01 -275290.468750 303.73
70000 0.929817 3.8577981712e-01 -275289.125000 296.12
70500 1.013294 3.6040732805e-01 -275288.437500 300.35
71000 0.972524 3.9361312563e-01 -275289.437500 280.91
71500 0.979688 3.9740872029e-01 -275289.531250 272.90
72000 1.017630 3.7775655286e-01 -275288.625000 306.51
72500 1.116868 2.6905810863e-01 -275287.156250 318.96
73000 1.125158 2.6857801801e-01 -275287.375000 291.71
73500 1.153711 2.4422402485e-01 -275288.375000 320.62
74000 1.167785 2.3904798429e-01 -275288.781250 286.64
74500 1.121459 3.0356420255e-01 -275288.093750 300.21
75000 1.152931 2.7509704399e-01 -275289.125000 293.49
75500 1.106772 3.3950789613e-01 -275289.531250 303.62
76000 1.120919 3.3073001253e-01 -275290.593750 273.80
76500 1.110299 3.5172467136e-01 -275289.031250 299.82
77000 1.216614 2.3827980222e-01 -275288.781250 291.18
77500 1.045080 4.3339487628e-01 -275289.281250 292.52
78000 1.125032 3.5624011657e-01 -275287.781250 285.29
78500 1.246518 2.3113864140e-01 -275286.906250 302.76
79000 1.117497 3.8047321421e-01 -275288.406250 302.88
79500 1.180082 3.1491496759e-01 -275287.406250 292.00
80000 1.273225 2.3353668498e-01 -275288.656250 294.75
80500 1.280621 2.3928215650e-01 -275286.156250 302.26
81000 1.366629 2.1766144290e-01 -275286.375000 290.58
81500 1.343134 2.3234550428e-01 -275288.656250 275.73
82000 1.398788 2.4119971517e-01 -275289.343750 298.14
82500 1.358620 2.5082619925e-01 -275289.468750 300.52
83000 1.304564 2.7519346713e-01 -275290.031250 269.65
83500 1.211159 3.4224415924e-01 -275288.406250 302.25
84000 1.233125 3.3363132631e-01 -275289.000000 302.98
84500 1.243967 3.3419052272e-01 -275289.375000 311.80
85000 1.194549 3.7952536301e-01 -275289.375000 297.95
85500 1.309828 3.0940225558e-01 -275288.625000 290.29
86000 1.341761 3.0478917832e-01 -275289.031250 297.03
86500 1.375044 3.0454674291e-01 -275288.031250 287.34
87000 1.396117 3.1042742054e-01 -275289.031250 299.98
87500 1.293245 3.4990541164e-01 -275288.812500 302.94
88000 1.197754 4.1108774284e-01 -275288.875000 301.69
88500 1.288890 3.6538130209e-01 -275287.406250 284.53
89000 1.360268 3.4299645641e-01 -275287.781250 315.77
89500 1.240046 4.0497230192e-01 -275288.468750 279.06
90000 1.157897 4.5744843298e-01 -275287.812500 309.32
90500 1.226242 4.2450107070e-01 -275286.812500 299.08
91000 1.247861 4.1880928929e-01 -275286.937500 300.01
91500 1.397201 3.5455908172e-01 -275288.875000 291.21
92000 1.335940 3.8559673724e-01 -275288.750000 297.47
92500 1.215396 4.5229190486e-01 -275289.625000 277.34
93000 1.345005 3.9274153929e-01 -275287.406250 302.91
93500 1.410278 3.7430964264e-01 -275288.406250 294.02
94000 1.260606 4.4580964444e-01 -275288.843750 291.17
94500 1.126393 5.0723664742e-01 -275291.062500 299.47
95000 1.214776 4.7655889577e-01 -275288.968750 298.91
95500 1.160029 5.0489855560e-01 -275291.031250 309.71
96000 1.117831 5.2471434562e-01 -275289.250000 293.15
96500 1.089181 5.3708788109e-01 -275290.687500 298.00
97000 1.134133 5.2877626663e-01 -275289.031250 302.79
97500 1.164972 5.2159007635e-01 -275289.093750 284.19
98000 1.203101 5.0891301125e-01 -275289.468750 307.53
98500 1.143181 5.3983641894e-01 -275289.968750 276.94
99000 1.120044 5.5194447823e-01 -275288.812500 285.39
99500 1.076317 5.6489183597e-01 -275288.812500 285.41
100000 1.072699 5.6954044773e-01 -275287.968750 306.18
100500 1.098623 5.7017048656e-01 -275289.937500 298.05
101000 1.018363 5.7199954957e-01 -275288.062500 299.80
101500 0.978911 5.5748961132e-01 -275287.187500 306.90
102000 1.087519 5.8369955750e-01 -275288.218750 290.27
102500 1.033276 5.8802323196e-01 -275289.500000 317.07
103000 1.038615 5.9301289956e-01 -275288.781250 295.90
103500 0.751475 2.4460337452e-01 -275288.656250 301.54
104000 0.862996 4.4208981376e-01 -275289.093750 307.02
104500 0.802725 3.4697079029e-01 -275288.718750 301.10
105000 0.650989 1.2653154877e-01 -275288.406250 269.86
105500 0.806641 3.7023493298e-01 -275289.593750 289.03
106000 0.859760 4.6302221720e-01 -275290.156250 281.49
106500 0.801270 3.7403481920e-01 -275288.812500 303.60
107000 0.833150 4.3428797004e-01 -275287.312500 313.49
107500 0.729926 2.6730584012e-01 -275288.187500 294.12
108000 0.838478 4.5668602092e-01 -275288.656250 255.35
108500 0.775398 3.5812142579e-01 -275288.375000 292.26
109000 0.864032 5.0692693607e-01 -275289.187500 294.26
109500 0.893943 5.4993674095e-01 -275287.718750 304.26
110000 0.620339 1.3749483526e-01 -275287.500000 312.28
110500 0.833066 4.7560262165e-01 -275288.562500 293.39
111000 0.826305 4.7072024615e-01 -275288.343750 305.24
111500 0.800106 4.3400087312e-01 -275289.187500 295.52
112000 0.867089 5.4087499100e-01 -275289.093750 282.51
112500 0.916825 5.9887488038e-01 -275289.156250 291.94
113000 0.749219 3.5889785785e-01 -275288.875000 289.49
113500 0.921921 6.1096920246e-01 -275290.562500 272.29
114000 0.896644 5.9237731384e-01 -275288.968750 305.59
114500 0.665834 2.3065476464e-01 -275290.250000 284.61
115000 0.792760 4.5573515527e-01 -275289.437500 290.87
115500 0.849601 5.4945321154e-01 -275288.000000 307.70
116000 0.854303 5.6032985014e-01 -275288.281250 295.98
116500 0.804981 4.9045378846e-01 -275287.625000 296.76
117000 0.687236 2.8856380325e-01 -275287.218750 297.51
117500 0.780752 4.6212123296e-01 -275286.593750 329.12
118000 0.772185 4.5305193052e-01 -275286.687500 289.25
118500 0.754736 4.2812169078e-01 -275288.406250 308.50
119000 0.729709 3.8936875543e-01 -275288.031250 310.18
119500 0.551089 1.2258662696e-01 -275288.156250 270.98
120000 0.451050 5.6628259864e-02 -275286.906250 316.61
120500 0.688159 3.3667919800e-01 -275288.218750 281.45
121000 0.360551 3.6004933590e-02 -275288.812500 294.15
121500 0.235868 2.3057695949e-02 -275287.843750 284.32
122000 0.150644 2.6712493762e-02 -275287.312500 297.61
122500 0.162896 4.8069565911e-02 -275286.875000 284.87
123000 0.104768 5.4387145841e-02 -275287.687500 286.97
123500 0.075467 6.4777523355e-02 -275288.031250 283.98
124000 0.095082 8.7076874039e-02 -275287.906250 286.77
124500 0.081042 9.9824410905e-02 -275288.375000 301.70
125000 0.082713 1.1600637270e-01 -275288.750000 306.60
125500 0.063050 1.2505137210e-01 -275289.250000 275.31
126000 0.061765 1.3928103645e-01 -275288.531250 297.35
126500 0.070415 1.5621134421e-01 -275288.343750 321.56
127000 0.079440 1.7219013397e-01 -275286.968750 298.35
127500 0.074442 1.8372855719e-01 -275288.062500 280.88
128000 0.061566 1.9197869739e-01 -275287.843750 319.17
128500 0.065436 2.0555791368e-01 -275288.343750 279.87
129000 0.068833 2.1842654264e-01 -275288.812500 307.02
129500 0.070996 2.3042945862e-01 -275287.781250 300.62
130000 0.063344 2.3884953804e-01 -275289.562500 314.44
130500 0.068647 2.5137646222e-01 -275287.750000 304.96
131000 0.050100 2.5419752932e-01 -275288.750000 308.65
131500 0.095358 2.7648619874e-01 -275287.468750 301.32
132000 0.114514 2.8480934924e-01 -275288.750000 296.59
132500 0.100337 2.9556518500e-01 -275288.156250 291.02
133000 0.168509 2.7914859683e-01 -275287.687500 296.98
133500 0.224380 2.4134382283e-01 -275288.093750 297.18
134000 0.133388 3.1629694303e-01 -275288.125000 304.08
134500 0.286547 1.9739583002e-01 -275288.937500 311.20
135000 0.297759 1.9904607799e-01 -275285.843750 293.52
135500 0.267323 2.3968510842e-01 -275289.125000 287.80
136000 0.251727 2.6545595603e-01 -275289.093750 302.53
136500 0.263615 2.6388826840e-01 -275286.906250 299.07
137000 0.367435 1.8261390911e-01 -275289.375000 290.75
137500 0.226951 3.1635013107e-01 -275288.218750 310.52
138000 0.330198 2.3016095783e-01 -275287.343750 292.70
138500 0.350660 2.2409529740e-01 -275287.125000 304.33
139000 0.343487 2.4104851042e-01 -275288.968750 284.46
139500 0.390830 2.1676156876e-01 -275289.625000 289.94
140000 0.323491 2.7883836935e-01 -275289.531250 294.37
140500 0.252640 3.4587657410e-01 -275288.687500 307.11
141000 0.175416 3.9431928654e-01 -275289.687500 298.25
141500 0.243976 3.6639059865e-01 -275289.437500 299.32
142000 0.280459 3.4476930361e-01 -275288.125000 296.97
142500 0.238058 3.8579741578e-01 -275286.593750 287.13
143000 0.302754 3.3953591959e-01 -275286.937500 297.07
143500 0.297857 3.5214962790e-01 -275289.125000 306.83
144000 0.333530 3.2623497044e-01 -275288.593750 304.94
144500 0.386792 2.8424921592e-01 -275288.343750 282.34
145000 0.243003 4.1731575391e-01 -275289.468750 284.50
145500 0.283883 3.9421141906e-01 -275288.125000 294.54
146000 0.282652 4.0220497003e-01 -275288.000000 294.41
146500 0.342075 3.5348050385e-01 -275287.562500 279.72
147000 0.398951 3.0434423622e-01 -275287.343750 288.35
147500 0.364217 3.4755936801e-01 -275287.031250 321.08
148000 0.423401 2.9822488404e-01 -275287.406250 299.83
148500 0.468607 2.7229783038e-01 -275286.031250 273.55
149000 0.497942 2.6656496012e-01 -275286.031250 304.74
149500 0.401040 3.4486575404e-01 -275287.718750 282.42
150000 0.427229 3.3010607266e-01 -275288.625000 269.07
150500 0.492146 2.9323920027e-01 -275287.750000 303.59
151000 0.407265 3.6343538521e-01 -275287.593750 292.89
151500 0.457232 3.3106219023e-01 -275288.093750 277.97
152000 0.561757 2.9787922165e-01 -275287.562500 292.00
152500 0.430403 3.6614241598e-01 -275288.968750 297.21
153000 0.246394 4.8596340486e-01 -275288.593750 318.52
153500 0.247234 4.9118809869e-01 -275290.906250 297.28
154000 0.245227 4.9696531571e-01 -275288.812500 283.68
154500 0.218038 5.0531612192e-01 -275287.531250 304.70
155000 0.229784 5.0976997811e-01 -275287.468750 289.29
155500 0.154475 4.9817304573e-01 -275286.656250 309.60
156000 0.157500 5.0507629213e-01 -275287.781250 279.88
156500 0.165133 5.1402059357e-01 -275288.750000 285.33
157000 0.184343 5.2603990368e-01 -275288.281250 299.87
157500 0.226765 5.3364975142e-01 -275288.687500 303.44
158000 0.174096 5.3205446911e-01 -275289.343750 304.37
158500 0.317066 4.9824421083e-01 -275289.437500 275.76
159000 0.442000 3.8536479655e-01 -275289.156250 296.08
159500 0.542090 3.2621578532e-01 -275288.281250 288.38
160000 0.631707 3.4815294965e-01 -275287.625000 299.97
160500 0.673539 3.8902022944e-01 -275289.125000 298.19
161000 0.517844 3.5416768022e-01 -275288.375000 301.00
161500 0.494637 3.7384842294e-01 -275287.375000 308.72
162000 0.508315 3.7374556477e-01 -275289.406250 293.81
162500 0.473475 4.0206570975e-01 -275288.156250 305.53
163000 0.554886 3.7112934690e-01 -275287.406250 280.64
163500 0.468833 4.1842489703e-01 -275287.937500 308.75
164000 0.374204 4.9545806771e-01 -275288.500000 315.05
164500 0.407271 4.7570912559e-01 -275289.687500 282.06
165000 0.225536 5.6505035428e-01 -275288.812500 329.32
165500 0.330648 5.3817135342e-01 -275288.687500 289.54
166000 0.239227 5.7348849410e-01 -275289.406250 291.59
166500 0.241112 5.7767859259e-01 -275288.125000 299.17
167000 0.432402 4.7085214850e-01 -275287.750000 316.66
167500 0.378032 5.2126206646e-01 -275289.312500 282.94
168000 0.330455 5.5917203987e-01 -275288.218750 300.18
168500 0.328121 5.6495904605e-01 -275287.437500 305.43
169000 0.436706 4.8422525162e-01 -275289.281250 274.29
169500 0.557591 4.0527520151e-01 -275286.875000 292.68
170000 0.541436 4.1869495062e-01 -275288.062500 299.94
170500 0.500347 4.4958054681e-01 -275288.406250 309.91
171000 0.495415 4.5905399778e-01 -275288.125000 288.47
171500 0.428455 5.1712814721e-01 -275288.781250 288.14
172000 0.482472 4.7907072703e-01 -275287.250000 290.40
172500 0.474747 4.9055976828e-01 -275288.187500 310.81
173000 0.556764 4.4268500529e-01 -275287.875000 302.28
173500 0.631849 4.3714324159e-01 -275287.468750 299.30
174000 0.508699 4.8085507169e-01 -275288.312500 296.45
174500 0.502426 4.9053683345e-01 -275288.593750 265.91
175000 0.482467 5.0980320372e-01 -275288.000000 319.89
175500 0.582321 4.5917315119e-01 -275288.218750 310.58
176000 0.531824 4.8762891852e-01 -275288.156250 316.18
176500 0.562314 4.7753336063e-01 -275287.343750 307.09
177000 0.566020 4.8151130442e-01 -275287.718750 282.83
177500 0.635744 4.7403368580e-01 -275286.781250 309.53
178000 0.588480 4.8452112728e-01 -275288.781250 322.11
178500 0.467945 5.5048451459e-01 -275286.906250 295.95
179000 0.653359 4.8917674676e-01 -275287.812500 301.20
179500 0.441071 5.7283628621e-01 -275287.031250 305.42
180000 0.322048 6.2207427217e-01 -275288.812500 295.51
180500 0.417114 5.9276687711e-01 -275288.500000 285.42
181000 0.214897 6.1255135705e-01 -275287.062500 287.73
181500 0.243419 6.2749334723e-01 -275287.937500 309.08
182000 0.356962 6.2664416689e-01 -275287.656250 305.02
182500 0.245456 6.3451870895e-01 -275287.531250 286.06
183000 0.264194 6.4239054552e-01 -275287.125000 291.90
183500 0.264723 6.4599099827e-01 -275288.562500 277.89
184000 0.323800 6.4811963260e-01 -275289.468750 291.36
184500 0.239880 6.4622882505e-01 -275290.687500 289.95
185000 0.365755 6.4123283572e-01 -275288.812500 303.14
185500 0.316717 6.5921015255e-01 -275288.375000 304.92
186000 0.244456 6.5675405473e-01 -275289.625000 299.58
186500 0.257080 6.6378616633e-01 -275289.343750 303.97
187000 0.312568 6.6930766439e-01 -275289.843750 304.64
187500 0.370570 6.5370467070e-01 -275289.968750 312.30
188000 0.305999 6.7651564661e-01 -275288.875000 317.47
188500 0.342735 6.7163365194e-01 -275289.437500 310.76
189000 0.196722 6.4640656545e-01 -275290.218750 291.00
189500 0.327847 6.8155927763e-01 -275287.656250 283.61
190000 0.306845 6.8855348243e-01 -275288.562500 311.28
190500 0.304674 6.9186412616e-01 -275286.843750 291.63
191000 0.373224 6.7218706607e-01 -275288.593750 303.91
191500 0.378500 6.7245476422e-01 -275289.593750 292.30
192000 0.312342 6.9991339860e-01 -275288.031250 294.64
192500 0.383003 6.7571595184e-01 -275289.531250 283.59
193000 0.382210 6.7940218756e-01 -275290.031250 300.12
193500 0.320394 7.0744049427e-01 -275289.375000 315.86
194000 0.435564 6.4535749301e-01 -275289.968750 285.09
194500 0.351438 7.0411726117e-01 -275289.656250 300.96
195000 0.344021 7.0985121646e-01 -275288.593750 289.19
195500 0.345403 7.1228186795e-01 -275288.031250 291.57
196000 0.412580 6.7554949697e-01 -275287.718750 300.78
196500 0.526722 5.7281143509e-01 -275287.718750 282.34
197000 0.509929 5.9261610895e-01 -275289.125000 298.44
197500 0.459814 6.4459518798e-01 -275288.531250 279.24
198000 0.338880 7.2675094937e-01 -275288.687500 295.34
198500 0.367439 7.1917171386e-01 -275288.687500 325.41
199000 0.362403 7.2429340032e-01 -275288.593750 309.33
199500 0.365495 7.2571766834e-01 -275289.156250 288.51
200000 0.230981 7.1236622921e-01 -275288.750000 306.21
200500 0.214497 7.0216446163e-01 -275287.562500 305.31
201000 0.239646 7.2409842135e-01 -275288.250000 315.47
201500 0.281834 7.4548992521e-01 -275287.656250 283.93
202000 0.296450 7.5068003849e-01 -275289.625000 278.09
202500 0.269799 7.4708531634e-01 -275285.843750 285.65
203000 0.188888 6.8904951854e-01 -275285.781250 293.10
203500 0.241751 7.3869947674e-01 -275286.875000 301.21
204000 0.282336 7.5860787020e-01 -275287.781250 301.82
204500 0.221933 7.2941145760e-01 -275286.375000 305.29
205000 0.187771 6.9817348337e-01 -275287.687500 307.34
205500 0.195207 7.0955012914e-01 -275288.000000 281.40
206000 0.176263 6.9008302172e-01 -275288.906250 306.00
206500 0.187674 7.0705769919e-01 -275288.968750 298.64
207000 0.154884 6.6663695847e-01 -275288.781250 307.86
207500 0.141555 6.4940056615e-01 -275288.343750 306.50
208000 0.208828 7.3848671479e-01 -275287.218750 290.86
208500 0.155107 6.7621224567e-01 -275289.562500 303.72
209000 0.264502 7.7861767359e-01 -275288.093750 328.94
209500 0.158607 6.8641235972e-01 -275287.875000 293.15
210000 0.231703 7.6753071103e-01 -275287.968750 297.22
210500 0.197811 7.4099148024e-01 -275287.375000 301.03
211000 0.121141 6.3255103863e-01 -275287.812500 278.90
211500 0.121892 6.3752582495e-01 -275288.343750 274.98
212000 0.109832 6.1859423538e-01 -275288.531250 278.68
212500 0.088515 5.7976023708e-01 -275289.156250 290.85
213000 0.064890 5.3320472030e-01 -275288.062500 299.40
213500 0.072557 5.5476293363e-01 -275289.593750 284.03
214000 0.063789 5.3998522040e-01 -275288.250000 311.23
214500 0.061299 5.3910720409e-01 -275288.562500 295.74
215000 0.040553 4.9650887718e-01 -275288.031250 303.88
215500 0.031512 4.8068821973e-01 -275287.968750 292.95
216000 0.036920 4.9881336648e-01 -275288.500000 283.46
216500 0.040309 5.1190673220e-01 -275286.875000 299.57
217000 0.046577 5.3137799056e-01 -275287.031250 306.22
217500 0.034990 5.0933383771e-01 -275288.281250 299.02
218000 0.045931 5.3973363963e-01 -275286.406250 308.88
218500 0.042944 5.3753915746e-01 -275288.906250 279.06
219000 0.043573 5.4368175253e-01 -275288.312500 319.04
219500 0.052948 5.6962127042e-01 -275289.156250 308.76
220000 0.052319 5.7250377405e-01 -275287.281250 296.63
220500 0.038892 5.4598751422e-01 -275289.812500 292.06
221000 0.049606 5.7520900801e-01 -275289.562500 299.19
221500 0.056510 5.9491728554e-01 -275288.781250 279.73
222000 0.044336 5.7139752933e-01 -275289.718750 289.57
222500 0.058695 6.0800455016e-01 -275289.625000 298.29
223000 0.043593 5.7780434839e-01 -275289.281250 304.01
223500 0.037828 5.6857613228e-01 -275289.625000 277.56
224000 0.047365 5.9496813692e-01 -275289.937500 314.23
224500 0.053298 6.1237027939e-01 -275289.218750 289.64
225000 0.053630 6.1692961359e-01 -275289.250000 300.32
225500 0.060104 6.3496095657e-01 -275289.593750 301.13
226000 0.044717 6.0404640416e-01 -275288.125000 301.71
226500 0.049539 6.1897981186e-01 -275288.250000 310.88
227000 0.035829 5.9087969146e-01 -275288.468750 295.58
227500 0.049068 6.2569393771e-01 -275288.312500 295.64
228000 0.034861 5.9629065297e-01 -275289.531250 296.96
228500 0.025117 5.7669415433e-01 -275288.218750 301.73
229000 0.028535 5.8925547412e-01 -275289.343750 302.34
229500 0.025893 5.8687825446e-01 -275289.437500 298.49
230000 0.032025 6.0585423969e-01 -275289.937500 303.29
230500 0.030913 6.0706324560e-01 -275289.281250 298.46
231000 0.023252 5.9222961258e-01 -275288.343750 308.81
231500 0.035581 6.2613064939e-01 -275289.156250 279.85
232000 0.030090 6.1665191667e-01 -275289.062500 310.16
232500 0.033638 6.2895108129e-01 -275289.843750 305.42
233000 0.037891 6.4267056526e-01 -275287.781250 285.14
233500 0.035595 6.4076450756e-01 -275289.125000 282.45
234000 0.028252 6.2663708280e-01 -275290.187500 302.81
234500 0.058455 6.9935833900e-01 -275288.906250 296.57
235000 0.098511 7.7679426433e-01 -275289.343750 272.11
235500 0.079824 7.4715991954e-01 -275287.875000 287.66
236000 0.039547 6.6500329693e-01 -275288.843750 302.04
236500 0.046865 6.8515449891e-01 -275288.968750 324.51
237000 0.043913 6.8154905547e-01 -275288.000000 306.60
237500 0.040111 6.7589322008e-01 -275288.468750 304.64
238000 0.047677 6.9645934898e-01 -275287.343750 330.00
238500 0.053538 7.1246857167e-01 -275287.406250 294.23
239000 0.037882 6.7975734659e-01 -275288.781250 299.63
239500 0.035179 6.7649036769e-01 -275287.812500 298.61
240000 0.041072 6.9360929136e-01 -275288.656250 276.84
240500 0.040440 6.9518562950e-01 -275289.156250 307.86
241000 0.041341 7.0032111672e-01 -275288.093750 306.69
241500 0.033519 6.8476267825e-01 -275288.093750 289.08
242000 0.078254 7.8303300873e-01 -275287.437500 310.08
242500 0.083726 7.9508060269e-01 -275287.250000 314.60
243000 0.089779 8.0753129276e-01 -275287.812500 306.83
243500 0.054780 7.4329489097e-01 -275287.843750 276.25
244000 0.086567 8.0704444865e-01 -275288.312500 295.97
244500 0.084196 8.0525381838e-01 -275288.750000 278.86
245000 0.091080 8.1891227157e-01 -275291.531250 288.90
245500 0.069252 7.8224474290e-01 -275288.968750 294.34
246000 0.075387 7.9630786897e-01 -275288.406250 312.08
246500 0.045277 7.3580469129e-01 -275288.875000 296.58
247000 0.037137 7.1931580576e-01 -275287.906250 319.66
247500 0.035385 7.1790781365e-01 -275290.500000 298.28
248000 0.041520 7.3545394570e-01 -275289.812500 291.91
248500 0.036232 7.2553372807e-01 -275287.593750 280.46
249000 0.039635 7.3650015626e-01 -275288.281250 287.03
249500 0.033309 7.2388769885e-01 -275289.531250 316.39
250000 0.037949 7.3798362168e-01 -275287.625000 295.48
250500 0.031960 7.2605482287e-01 -275289.937500 305.15
251000 0.031821 7.2849692285e-01 -275289.093750 286.52
251500 0.034111 7.3691930144e-01 -275287.531250 310.51
252000 0.039197 7.5192245914e-01 -275289.625000 295.70
252500 0.060355 8.0152634361e-01 -275288.812500 310.33
253000 0.042760 7.6516136431e-01 -275287.812500 295.78
253500 0.034817 7.4867915361e-01 -275288.250000 305.73
254000 0.046593 7.7910204358e-01 -275290.843750 304.37
254500 0.041215 7.6906701888e-01 -275289.812500 297.59
255000 0.032948 7.5157057966e-01 -275288.187500 316.10
255500 0.033446 7.5539868447e-01 -275288.375000 282.25
256000 0.036108 7.6449167300e-01 -275290.218750 286.54
256500 0.048698 7.9637149015e-01 -275289.468750 292.39
257000 0.034496 7.6534899125e-01 -275289.750000 308.58
257500 0.040877 7.8320816335e-01 -275289.687500 300.26
258000 0.052943 8.1285451980e-01 -275286.937500 274.95
258500 0.037364 7.7939111231e-01 -275288.343750 286.55
259000 0.039220 7.8625200609e-01 -275288.562500 273.39
259500 0.049074 8.1132092742e-01 -275289.375000 300.07
260000 0.039686 7.9192105010e-01 -275288.562500 268.97
260500 0.030756 7.7237771790e-01 -275287.843750 301.34
261000 0.034566 7.8431124877e-01 -275287.625000 302.29
261500 0.032249 7.8094646429e-01 -275288.000000 281.12
262000 0.024077 7.6244308108e-01 -275286.937500 297.46
262500 0.024507 7.6608869250e-01 -275287.312500 301.41
263000 0.028018 7.7766293472e-01 -275287.531250 283.80
263500 0.028529 7.8138689249e-01 -275288.125000 288.08
264000 0.027281 7.8058253653e-01 -275287.843750 291.19
264500 0.037066 8.0737394547e-01 -275288.812500 310.72
265000 0.022379 7.7241514745e-01 -275289.093750 280.51
265500 0.020039 7.6863450449e-01 -275289.875000 299.71
